0 0 
0 0 
0.04 0 
0.04 0 
0.04 0 
0.04 0 
0.1 0 
0.14 0 
0.18 0 
0.22 0 
0.24 0 
0.34 0.00444444 
0.42 0.00444444 
0.48 0.00666667 
0.5 0.00888889 
0.56 0.00888889 
0.6 0.0111111 
0.7 0.0155556 
0.74 0.02 
0.8 0.0333333 
0.84 0.0488889 
0.92 0.0688889 
0.94 0.0866667 
0.98 0.113333 
0.98 0.144444 
0.98 0.191111 
0.98 0.266667 
0.98 0.335556 
1 0.433333 
1 0.542222 
1 0.651111 
1 0.722222 
1 0.775556 
1 0.817778 
1 0.851111 
1 0.877778 
1 0.917778 
1 0.933333 
1 0.933333 
1 1 
1 1 

0 0 
0 0 
0.02 0 
0.02 0 
0.04 0.00222222 
0.1 0.00222222 
0.1 0.00222222 
0.16 0.00222222 
0.24 0.00222222 
0.38 0.00222222 
0.44 0.00222222 
0.48 0.00222222 
0.54 0.00222222 
0.56 0.00222222 
0.56 0.00222222 
0.56 0.00444444 
0.64 0.00888889 
0.72 0.02 
0.74 0.0266667 
0.8 0.0355556 
0.82 0.0488889 
0.86 0.0688889 
0.9 0.0844444 
0.92 0.117778 
0.96 0.144444 
0.98 0.182222 
0.98 0.242222 
0.98 0.308889 
0.98 0.395556 
0.98 0.502222 
0.98 0.617778 
0.98 0.691111 
0.98 0.735556 
0.98 0.768889 
0.98 0.802222 
1 0.837778 
1 0.877778 
1 0.9 
1 0.9 
1 1 
1 1 

0 0 
0 0 
0.14 0 
0.14 0 
0.16 0 
0.2 0 
0.22 0 
0.3 0 
0.32 0 
0.36 0 
0.38 0 
0.46 0.00222222 
0.5 0.00222222 
0.5 0.00666667 
0.54 0.00888889 
0.58 0.00888889 
0.64 0.00888889 
0.7 0.0133333 
0.8 0.0177778 
0.86 0.0311111 
0.86 0.04 
0.9 0.0622222 
0.92 0.0866667 
0.92 0.113333 
0.96 0.144444 
0.96 0.186667 
0.96 0.255556 
0.96 0.324444 
0.98 0.428889 
0.98 0.517778 
0.98 0.568889 
1 0.633333 
1 0.7 
1 0.74 
1 0.78 
1 0.806667 
1 0.833333 
1 0.866667 
1 0.866667 
1 1 
1 1 

0 0 
0 0 
0.12 0 
0.12 0 
0.12 0 
0.16 0 
0.18 0 
0.24 0 
0.28 0 
0.34 0 
0.34 0 
0.38 0.00222222 
0.44 0.00444444 
0.5 0.00888889 
0.52 0.00888889 
0.54 0.0155556 
0.62 0.02 
0.64 0.0222222 
0.66 0.0333333 
0.74 0.0422222 
0.82 0.0488889 
0.9 0.0711111 
0.9 0.0933333 
0.92 0.122222 
0.92 0.164444 
0.94 0.204444 
0.94 0.26 
0.98 0.317778 
0.98 0.393333 
1 0.471111 
1 0.573333 
1 0.66 
1 0.702222 
1 0.757778 
1 0.8 
1 0.826667 
1 0.853333 
1 0.873333 
1 0.873333 
1 1 
1 1 

0 0 
0 0 
0.1 0 
0.1 0 
0.12 0 
0.16 0 
0.22 0 
0.28 0 
0.34 0 
0.36 0 
0.38 0 
0.46 0 
0.52 0 
0.54 0.00666667 
0.56 0.00888889 
0.58 0.0111111 
0.64 0.0111111 
0.68 0.0133333 
0.68 0.0244444 
0.76 0.0333333 
0.84 0.04 
0.84 0.0711111 
0.88 0.0866667 
0.94 0.106667 
0.94 0.131111 
0.96 0.175556 
0.96 0.246667 
0.98 0.344444 
0.98 0.471111 
0.98 0.577778 
1 0.64 
1 0.713333 
1 0.751111 
1 0.791111 
1 0.82 
1 0.853333 
1 0.886667 
1 0.904444 
1 0.904444 
1 1 
1 1 

0 0 
0 0 
0.08 0 
0.08 0 
0.08 0 
0.1 0 
0.18 0 
0.26 0 
0.28 0.00222222 
0.28 0.00222222 
0.34 0.00222222 
0.36 0.00222222 
0.46 0.00222222 
0.5 0.00666667 
0.56 0.00888889 
0.66 0.0111111 
0.74 0.0133333 
0.76 0.0133333 
0.78 0.0133333 
0.84 0.0244444 
0.88 0.0422222 
0.9 0.0622222 
0.9 0.0822222 
0.92 0.106667 
0.94 0.135556 
0.94 0.182222 
0.94 0.24 
0.96 0.322222 
0.96 0.411111 
0.98 0.531111 
1 0.606667 
1 0.662222 
1 0.711111 
1 0.768889 
1 0.795556 
1 0.831111 
1 0.862222 
1 0.882222 
1 0.882222 
1 1 
1 1 

0 0 
0 0 
0.06 0 
0.06 0 
0.06 0 
0.12 0 
0.16 0 
0.24 0 
0.24 0 
0.28 0 
0.34 0.00222222 
0.36 0.00222222 
0.4 0.00444444 
0.48 0.00666667 
0.5 0.00666667 
0.54 0.00666667 
0.6 0.00666667 
0.68 0.0133333 
0.7 0.0355556 
0.74 0.0422222 
0.78 0.0488889 
0.86 0.0644444 
0.86 0.0822222 
0.9 0.12 
0.94 0.16 
0.94 0.208889 
0.98 0.242222 
0.98 0.322222 
0.98 0.408889 
1 0.513333 
1 0.611111 
1 0.697778 
1 0.746667 
1 0.804444 
1 0.851111 
1 0.875556 
1 0.902222 
1 0.917778 
1 0.917778 
1 1 
1 1 

0 0 
0 0 
0.14 0 
0.14 0 
0.18 0 
0.28 0 
0.3 0 
0.32 0 
0.36 0 
0.44 0 
0.46 0 
0.52 0 
0.62 0 
0.68 0 
0.68 0 
0.74 0.00222222 
0.76 0.00444444 
0.78 0.00888889 
0.84 0.0177778 
0.88 0.0244444 
0.92 0.0333333 
0.94 0.04 
0.96 0.0555556 
0.96 0.0822222 
0.98 0.104444 
0.98 0.144444 
1 0.191111 
1 0.275556 
1 0.364444 
1 0.442222 
1 0.526667 
1 0.595556 
1 0.646667 
1 0.711111 
1 0.748889 
1 0.793333 
1 0.844444 
1 0.88 
1 0.88 
1 1 
1 1 

0 0 
0 0 
0.18 0 
0.18 0 
0.2 0 
0.22 0 
0.24 0 
0.3 0.00222222 
0.36 0.00222222 
0.42 0.00222222 
0.44 0.00222222 
0.52 0.00222222 
0.6 0.00222222 
0.64 0.00222222 
0.68 0.00222222 
0.72 0.00444444 
0.78 0.00888889 
0.82 0.0133333 
0.84 0.0266667 
0.86 0.0311111 
0.88 0.0311111 
0.92 0.0422222 
0.92 0.0555556 
0.92 0.0822222 
0.92 0.102222 
0.94 0.12 
0.96 0.155556 
0.96 0.226667 
0.96 0.297778 
0.96 0.382222 
0.96 0.473333 
0.96 0.557778 
0.98 0.626667 
1 0.684444 
1 0.726667 
1 0.777778 
1 0.815556 
1 0.846667 
1 0.846667 
1 1 
1 1 

0 0 
0 0 
0.12 0 
0.12 0 
0.14 0 
0.16 0 
0.2 0 
0.28 0 
0.34 0 
0.44 0 
0.48 0 
0.5 0.00222222 
0.54 0.00222222 
0.54 0.00444444 
0.58 0.00666667 
0.6 0.00666667 
0.7 0.00666667 
0.74 0.0177778 
0.82 0.0266667 
0.84 0.0355556 
0.88 0.0422222 
0.92 0.06 
0.92 0.0777778 
0.92 0.0955556 
0.94 0.124444 
0.98 0.171111 
1 0.233333 
1 0.308889 
1 0.388889 
1 0.475556 
1 0.537778 
1 0.613333 
1 0.682222 
1 0.748889 
1 0.802222 
1 0.833333 
1 0.871111 
1 0.904444 
1 0.904444 
1 1 
1 1 

